Pid: 24097
Average: 3.397122 MB/s
Pid: 24134
Average: 24.839126 MB/s
Pid: 24147
Average: 0.465785 MB/s
Pid: 24192
Average: 31.331548 MB/s
