
Pid: 7617
Average: 52.582351 MB/s
Pid: 7625
Average: 62.410332 MB/s
Pid: 7633
Average: 28.727757 MB/s
Pid: 7642
Average: 35.713475 MB/s
